i1:
  j_xyz: 0.0 0.0 0.0
  j_rpy: 0.0 -0.0 0.0
  l_xyz: 0.0 0 0
  l_len: 0
i2:
  j_xyz: 0.0 0.0 0.0
  j_rpy: -0.785398163397 -1.57079632679 -0.785398163397
  l_xyz: 0.0 0 0
  l_len: 0
i3:
  j_xyz: 1.0 0.0 0.0
  j_rpy: 0.0 -0.0 1.57079632679
  l_xyz: 0.5 0 0
  l_len: 1
hand:
  j_xyz: 1.0 0.0 0.0
  j_rpy: 0.0 -0.0 0.0
  l_xyz: 0.5 0 0
  l_len: 1
